1804563840.000000 847244224.000000 1681760384.000000
1649924352.000000 596732736.000000 1189766400.000000
2045143552.000000 1967563136.000000 1365389440.000000
521649120.000000 294840288.000000 1727001472.000000
2145462784.000000 468913568.000000 1101616384.000000
1125998464.000000 1060226624.000000 2089198720.000000
859605248.000000 1914823424.000000 608729152.000000
2038729856.000000 1129793792.000000 185109440.000000
137828624.000000 43081024.000000 983240832.000000
1827465344.000000 572921472.000000 1159302656.000000
1141935616.000000 84673768.000000 940067392.000000
1586225920.000000 1374401408.000000 760465280.000000
1781003008.000000 709514432.000000 491941440.000000
1264246656.000000 1411867136.000000 1844130560.000000
1469421824.000000 1956623232.000000 1036457216.000000
1892279552.000000 1376806400.000000 927883264.000000
960092544.000000 485751264.000000 402867648.000000
1947516544.000000 221819808.000000 271083168.000000
1469961472.000000 822992064.000000 1610200576.000000
524915360.000000 327526976.000000 1572334336.000000
160230720.000000 2040394368.000000 112888160.000000
1573582464.000000 1410219776.000000 2077519488.000000
1117212288.000000 168160704.000000 150404448.000000
1622941568.000000 111607904.000000 339193888.000000
2142781568.000000 116089168.000000 1869787520.000000
387660352.000000 350603840.000000 841271232.000000
1244351232.000000 972081472.000000 1476413312.000000
2131050368.000000 1239253120.000000 1884673536.000000
1789650816.000000 1987566848.000000 1875591936.000000
2112313088.000000 1432399232.000000 1068159680.000000
1395312896.000000 532911328.000000 1351905920.000000
497064544.000000 159483216.000000 1359688320.000000
601424576.000000 1172917376.000000 1544820224.000000
968487616.000000 722309568.000000 1820507264.000000
1789542272.000000 502444000.000000 1450678016.000000
392177920.000000 1335593984.000000 87986976.000000
745640704.000000 396724608.000000 1308157568.000000
434472896.000000 1977736576.000000 1470685696.000000
559444672.000000 1884206592.000000 1473566976.000000
1274178176.000000 1431517696.000000 620259200.000000
2114018560.000000 7749594.000000 1776958464.000000
1973428992.000000 1642784384.000000 1501384064.000000
2025256832.000000 1967953536.000000 1851141376.000000
1943499776.000000 1953641984.000000 1876910848.000000
1856960000.000000 1057588416.000000 995807232.000000
1469468800.000000 1562572288.000000 298912960.000000
382739200.000000 476714976.000000 1070699200.000000
2001516672.000000 1951236480.000000 1336109824.000000
846900224.000000 1414880384.000000 1307590528.000000
1389981952.000000 780853120.000000 619200512.000000
1253469824.000000 570241792.000000 1414700928.000000
1343798528.000000 1111931392.000000 446625888.000000
524907872.000000 700446528.000000 1566405504.000000
292487328.000000 882426624.000000 11715681.000000
1858875520.000000 1548688128.000000 105818776.000000
1017713344.000000 1858093568.000000 201794288.000000
1737537408.000000 282985376.000000 110881488.000000
950589504.000000 255971552.000000 1266439936.000000
653506432.000000 1908727680.000000 1023637952.000000
1280346240.000000 501806688.000000 1782317184.000000
1034614848.000000 484360928.000000 1775774848.000000
1750091136.000000 1415773696.000000 78227536.000000
661972096.000000 474651872.000000 425477920.000000
1545140992.000000 430402400.000000 861623808.000000
1144282112.000000 332397312.000000 1192838656.000000
1583761536.000000 559617472.000000 1395367552.000000
1498619648.000000 670091840.000000 1387326976.000000
1380296576.000000 1113750016.000000 860791552.000000
328533792.000000 70700944.000000 136708080.000000
1219512448.000000 2506825.000000 12485473.000000
389342816.000000 733277376.000000 1433211392.000000
400285248.000000 337685760.000000 1081485568.000000
847416448.000000 1516520704.000000 1866319616.000000
1989976320.000000 1184405120.000000 2004827776.000000
1748691584.000000 1276994688.000000 1411438848.000000
1265470592.000000 1369875072.000000 1630725120.000000
1010825920.000000 358832320.000000 1708529920.000000
1314402944.000000 1281882112.000000 1386617344.000000
1505369600.000000 1112759040.000000 1788182400.000000
104371408.000000 1748962048.000000 826096768.000000
530745120.000000 873722176.000000 37767064.000000
959392768.000000 1025151424.000000 2137321472.000000
478352384.000000 472244224.000000 1353596672.000000
1826929792.000000 2046090752.000000 2037885184.000000
470751360.000000 1025837568.000000 2040055424.000000
983942528.000000 1675606272.000000 1646195840.000000
712823872.000000 864315840.000000 1204341120.000000
773392576.000000 1404405376.000000 1968514432.000000
802408832.000000 427587552.000000 1388596352.000000
1204469120.000000 1210477952.000000 521038080.000000
1291875584.000000 1655094656.000000 1905394688.000000
1707799424.000000 1372362112.000000 2074088448.000000
1931608192.000000 1605865472.000000 1021826816.000000
1338363392.000000 1543420416.000000 1985490816.000000
1344671360.000000 378795040.000000 272024736.000000
257989472.000000 991845376.000000 1392951040.000000
845663616.000000 1066161344.000000 937872320.000000
409824480.000000 74811624.000000 927499776.000000
76820424.000000 1124551168.000000 431642752.000000
1389067264.000000 733604288.000000 107974840.000000
1941829504.000000 672311424.000000 1616001280.000000
114844072.000000 217917984.000000 337947936.000000
1910618368.000000 2030611072.000000 120395032.000000
362855104.000000 1255704576.000000 1023145088.000000
1566586752.000000 483874528.000000 567310912.000000
746487488.000000 441873344.000000 1122569984.000000
952177664.000000 577794816.000000 1510341120.000000
1468256896.000000 34947264.000000 1814998144.000000
1131447296.000000 1821090944.000000 537499712.000000
1313324672.000000 1140638080.000000 1763913216.000000
94474824.000000 51346440.000000 11144423.000000
1089719296.000000 1004051968.000000 168374704.000000
181481152.000000 525860960.000000 1527952640.000000
356951552.000000 1022091200.000000 1626448896.000000
1597412096.000000 1981533952.000000 207061088.000000
514193984.000000 1739005568.000000 204162400.000000
1634229504.000000 207738944.000000 2107152256.000000
933068608.000000 1404560896.000000 695776384.000000
294413568.000000 1417277056.000000 245871344.000000
1136035712.000000 670794496.000000 2025566336.000000
857545280.000000 454439360.000000 972207616.000000
1395434624.000000 271327712.000000 992298432.000000
1954712960.000000 1862472320.000000 134652208.000000
235421648.000000 833456000.000000 1280495488.000000
1766221824.000000 1240824960.000000 1979144704.000000
209616176.000000 1735400832.000000 832060672.000000
1534445312.000000 1364262016.000000 1108597760.000000
63347452.000000 1623429760.000000 1287927552.000000
1813309568.000000 1579177472.000000 395227648.000000
219612880.000000 1030412864.000000 580735168.000000
476885824.000000 1088640128.000000 1671836288.000000
1384327296.000000 1875858944.000000 500323744.000000
1660864128.000000 61363760.000000 1268155904.000000
164888064.000000 1889927168.000000 371070016.000000
1390842496.000000 216429744.000000 699495872.000000
1610144256.000000 856457024.000000 787894976.000000
1936292352.000000 928299264.000000 1892592384.000000
482032000.000000 528477408.000000 1238756992.000000
1043434880.000000 413460960.000000 1844464128.000000
1934615936.000000 620325888.000000 1736550656.000000
2061270144.000000 1664495104.000000 242930464.000000
1434629376.000000 1000617280.000000 1779428992.000000
1799671552.000000 332357568.000000 1446830720.000000
1375365760.000000 1539944448.000000 988079488.000000
1489226624.000000 953767552.000000 507698560.000000
915744640.000000 737982208.000000 108677560.000000
1119521920.000000 610637056.000000 387133216.000000
1688470656.000000 829605888.000000 301579872.000000
234852704.000000 1866464384.000000 342282784.000000
1143525248.000000 1599923840.000000 2083155712.000000
1928332672.000000 1931769984.000000 85367160.000000
1337575424.000000 158294048.000000 991246720.000000
1209966336.000000 434315200.000000 1725245952.000000
826042176.000000 769340288.000000 1999303552.000000
411857696.000000 1978984192.000000 1994651904.000000
10365725.000000 404349728.000000 616991680.000000
1550200192.000000 752893760.000000 1872898304.000000
1340159872.000000 1370020480.000000 929713088.000000
213313264.000000 568338816.000000 1720435584.000000
14938006.000000 1499455488.000000 1910271488.000000
318621056.000000 1987329792.000000 1451231104.000000
1779606912.000000 479137472.000000 242662624.000000
1840347008.000000 1953221376.000000 830430464.000000
773572864.000000 1970301184.000000 1348539904.000000
1077906432.000000 1490762240.000000 38888056.000000
1923005312.000000 518594304.000000 1450509312.000000
698374976.000000 717377408.000000 1369901312.000000
897192640.000000 455888032.000000 827390016.000000
1600290816.000000 1139430016.000000 1124920960.000000
1812972800.000000 505756864.000000 895905216.000000
2021395840.000000 1891416448.000000 1374697216.000000
984425280.000000 649963072.000000 1259911552.000000
1384212480.000000 2115403776.000000 1715318400.000000
1589714560.000000 1855877888.000000 1146464768.000000
1238158208.000000 93473280.000000 1690639872.000000
298372576.000000 1514622080.000000 499711264.000000
1122609024.000000 1698753536.000000 272630048.000000
625855168.000000 532533408.000000 415925504.000000
455077632.000000 1456587392.000000 2018131328.000000
1386780416.000000 331311680.000000 193662912.000000
1862691840.000000 304825920.000000 1835680640.000000
1521740416.000000 1947744384.000000 245346576.000000
573721728.000000 75490552.000000 1390800896.000000
933624576.000000 674563328.000000 1230997120.000000
703638080.000000 2117346560.000000 529337248.000000
130098640.000000 177672672.000000 305652096.000000
310383904.000000 1211928192.000000 1719803904.000000
671325504.000000 76397168.000000 338596960.000000
1756147584.000000 846084224.000000 1487429632.000000
1090294016.000000 86128432.000000 1987128832.000000
241047472.000000 696296768.000000 228528624.000000
1047470720.000000 763282688.000000 1199926272.000000
1590297856.000000 959947712.000000 805275264.000000
474153920.000000 13814862.000000 94588864.000000
363400992.000000 79189216.000000 1360732416.000000
535539584.000000 1389079296.000000 443245280.000000
844216000.000000 1033524672.000000 181384464.000000
1651334528.000000 1131534592.000000 849085184.000000
1245294464.000000 877221568.000000 30609754.000000
1731209344.000000 832089920.000000 1220851712.000000
78565184.000000 1158753792.000000 707398144.000000
2037581056.000000 1875097856.000000 547630592.000000
2004156672.000000 192219872.000000 912345152.000000
2025510016.000000 186126768.000000 627806592.000000
1091901312.000000 1364240000.000000 1282262400.000000
419964480.000000 730273216.000000 1154887936.000000
1316694144.000000 951064576.000000 1221731840.000000
64898748.000000 928860928.000000 689653504.000000
2132860288.000000 1017603520.000000 1131804032.000000
609872000.000000 108073704.000000 44996856.000000
1295889280.000000 754232192.000000 1042536000.000000
700410496.000000 102689632.000000 1764941568.000000
2146194048.000000 1623884416.000000 111191800.000000
728363008.000000 1509234560.000000 1160255744.000000
307827968.000000 256966768.000000 1559456640.000000
568324992.000000 570948032.000000 1558769536.000000
1704844928.000000 1482994816.000000 593075584.000000
1453054592.000000 1946918912.000000 599810752.000000
777809408.000000 817148800.000000 1591724160.000000
2084626432.000000 1458203904.000000 462174080.000000
554619840.000000 1048999744.000000 1659389696.000000
1343562368.000000 808905856.000000 1353982080.000000
1916326016.000000 1565343488.000000 2054546304.000000
1308780160.000000 354657184.000000 25300752.000000
1693501440.000000 360247584.000000 1377082368.000000
1793414144.000000 993972160.000000 2027126016.000000
263048448.000000 1038901504.000000 173519312.000000
691772032.000000 1579026176.000000 62313868.000000
1598030720.000000 574746048.000000 701872576.000000
196414016.000000 820117760.000000 1456961664.000000
1468796160.000000 422058848.000000 321948704.000000
1917379712.000000 575706368.000000 194105056.000000
1940246144.000000 344033568.000000 1412355072.000000
1853429632.000000 2044668800.000000 1631356928.000000
383222688.000000 129271520.000000 574825664.000000
2011947520.000000 1392242944.000000 1051601984.000000
1974854144.000000 1502125184.000000 409390080.000000
616767680.000000 1787459456.000000 1396909952.000000
253776416.000000 1821276288.000000 2115201536.000000
353708192.000000 1438974336.000000 1776196992.000000
503511520.000000 1925678208.000000 2094670592.000000
978308416.000000 30151316.000000 960222336.000000
1354083840.000000 1090088960.000000 2141491584.000000
566259584.000000 503926720.000000 437191296.000000
478464800.000000 745876288.000000 989641856.000000
1803704704.000000 1293061248.000000 1262499072.000000
992308800.000000 284885376.000000 1998882432.000000
2138166784.000000 1953584000.000000 1902767744.000000
104758480.000000 258379936.000000 466880192.000000
1527982080.000000 245523904.000000 729887104.000000
713628928.000000 2067279744.000000 1899823104.000000
1579311744.000000 1595594368.000000 1563098624.000000
1711380352.000000 1510857472.000000 1455678464.000000
625322944.000000 1230909952.000000 1816046592.000000
866849792.000000 242665856.000000 860243136.000000
367143040.000000 215631760.000000 894918528.000000
1064752256.000000 1628572160.000000 1347045888.000000
613013696.000000 429629664.000000 547807424.000000
988803904.000000 614477248.000000 286013792.000000
1019605120.000000 1758494464.000000 278378048.000000
1636838656.000000 1483486592.000000 405482528.000000
1955837056.000000 259599200.000000 1479028992.000000
201597920.000000 95379888.000000 755693056.000000
1566655744.000000 40136020.000000 37674008.000000
1624243072.000000 1489004288.000000 862041728.000000
1789242240.000000 871881920.000000 701948800.000000
1820365952.000000 2059645568.000000 1530152576.000000
717054016.000000 1179723648.000000 1961734656.000000
869976576.000000 167633504.000000 252014928.000000
333820000.000000 233409920.000000 979870784.000000
88945040.000000 1714970752.000000 1443278464.000000
1634329344.000000 964307200.000000 699126976.000000
1215720960.000000 364616480.000000 914787328.000000
40717936.000000 132688272.000000 1744253824.000000
1471046400.000000 110633056.000000 1921571456.000000
1304565504.000000 2042967552.000000 956064192.000000
855652288.000000 20398524.000000 1335094016.000000
916922112.000000 1268855808.000000 145678432.000000
1767299200.000000 318402304.000000 1680920448.000000
106468536.000000 524202304.000000 1823125376.000000
1279134720.000000 138726096.000000 1049584256.000000
544139648.000000 339592192.000000 1918715776.000000
861823232.000000 1806156288.000000 1602365056.000000
405423008.000000 442637408.000000 2074497024.000000
1386181760.000000 233674160.000000 1976855936.000000
531524992.000000 1116151168.000000 413921856.000000
916021568.000000 101378152.000000 659086144.000000
1883578112.000000 1249423360.000000 1683471488.000000
511073760.000000 1212451840.000000 427819648.000000
1818183040.000000 1135803520.000000 771023360.000000
1559527168.000000 1369756160.000000 1665757440.000000
1230152832.000000 291325952.000000 69394768.000000
1084640768.000000 1214835584.000000 1760487296.000000
1725585536.000000 298015264.000000 1611373568.000000
1537945728.000000 1419515520.000000 727882368.000000
2112234112.000000 423515616.000000 1235447424.000000
107420872.000000 909537216.000000 1120747648.000000
256348432.000000 774576640.000000 1984059008.000000
358583488.000000 1682521216.000000 680729024.000000
1595996928.000000 1654767616.000000 1976056320.000000
644955520.000000 220691280.000000 620808000.000000
1106429056.000000 327481376.000000 435525888.000000
26478294.000000 1719707520.000000 278762560.000000
61469192.000000 220276288.000000 831767232.000000
1804814720.000000 1724017024.000000 1677181824.000000
926766016.000000 1891375872.000000 850583424.000000
1173087488.000000 1557866496.000000 296174176.000000
236664176.000000 1534084224.000000 1717358848.000000
1480890624.000000 1061640384.000000 877128256.000000
434710240.000000 556987584.000000 346996192.000000
372251808.000000 335861728.000000 346132992.000000
875648832.000000 1216899328.000000 33532576.000000
209689712.000000 4708312.000000 1217531904.000000
1704177792.000000 353657344.000000 2120792448.000000
1211524224.000000 1517541504.000000 450523232.000000
1598617600.000000 1438619904.000000 1577676416.000000
1111191424.000000 1213929600.000000 701369984.000000
137159232.000000 1865046144.000000 1543921920.000000
981519680.000000 1837190400.000000 1036076928.000000
912136768.000000 135429200.000000 462106912.000000
2081740544.000000 1502476416.000000 2128457728.000000
1787217664.000000 452730592.000000 1081105280.000000
241510912.000000 1994429952.000000 1301084544.000000
743214400.000000 1675933440.000000 749410560.000000
1237239936.000000 1102786944.000000 560500672.000000
1026360000.000000 1223475712.000000 286932480.000000
1846498432.000000 1845237632.000000 2059158656.000000
1228148992.000000 1402093440.000000 283632704.000000
593736064.000000 96390400.000000 1349334912.000000
1656613632.000000 303483072.000000 923077376.000000
1054994368.000000 429877824.000000 1643197568.000000
1819127552.000000 619804480.000000 1856716800.000000
804269248.000000 1025221952.000000 53700560.000000
172962048.000000 1164701184.000000 1934770560.000000
846971264.000000 1919688576.000000 1418134144.000000
329370432.000000 320551936.000000 1201307520.000000
814082432.000000 902719808.000000 1623106560.000000
901384000.000000 931671552.000000 1948655744.000000
1416041600.000000 298137248.000000 972644736.000000
272423872.000000 1156801280.000000 377127488.000000
269538816.000000 340805280.000000 1502929792.000000
1023297088.000000 507189536.000000 1421644416.000000
1386719488.000000 810588480.000000 1606263168.000000
1179066880.000000 674719424.000000 639787712.000000
1160705152.000000 447179392.000000 508268096.000000
2030823680.000000 841581952.000000 919152640.000000
639462848.000000 1415443840.000000 1533659008.000000
1186931328.000000 1423860608.000000 1304096768.000000
1781586944.000000 812628416.000000 1575122560.000000
2047449472.000000 1946074880.000000 442574656.000000
1988256000.000000 1554698112.000000 1372056064.000000
901208064.000000 1750323840.000000 891535936.000000
976766080.000000 1991345536.000000 1828147328.000000
1915955072.000000 1190661120.000000 1482214400.000000
1629082368.000000 1138347648.000000 139964752.000000
1367876480.000000 122424832.000000 160167408.000000
751279232.000000 1099510144.000000 220398688.000000
1599519232.000000 1155818496.000000 1596079744.000000
1187904256.000000 707429376.000000 486106432.000000
243511280.000000 2137405440.000000 1940935040.000000
1984408192.000000 1004979648.000000 1794217344.000000
899690112.000000 1914648320.000000 359166880.000000
1121635072.000000 737885888.000000 606940224.000000
1142920576.000000 1718772480.000000 822402752.000000
1820696320.000000 568786624.000000 434470048.000000
1529740288.000000 2095133312.000000 265732736.000000
637454400.000000 431974464.000000 204872640.000000
467004864.000000 1904514688.000000 604532160.000000
1036329152.000000 2042101888.000000 1697838592.000000
2036484096.000000 65341728.000000 316647776.000000
1874603136.000000 1206936576.000000 186187872.000000
660600640.000000 1202529792.000000 1896293760.000000
287195264.000000 1779933184.000000 1437204352.000000
2137612288.000000 971695744.000000 103889456.000000
1049685760.000000 1002574592.000000 850042112.000000
1700252032.000000 1426947712.000000 1116530816.000000
1441210752.000000 1218336128.000000 1929646976.000000
377166880.000000 58756240.000000 788655616.000000
2067146496.000000 1312738944.000000 1542576512.000000
229856960.000000 1281021824.000000 739365376.000000
1042133760.000000 573407424.000000 1335935616.000000
494359488.000000 189297728.000000 819856384.000000
1278163328.000000 353231264.000000 1483873792.000000
1833799680.000000 1123757440.000000 1764813696.000000
817780608.000000 64419472.000000 1840899456.000000
281400064.000000 2146766336.000000 2111184896.000000
436633984.000000 243900224.000000 737594624.000000
115274312.000000 952949312.000000 783452480.000000
186175552.000000 757132928.000000 1561984000.000000
1459036032.000000 136582912.000000 763304704.000000
324445088.000000 1510220672.000000 2014967296.000000
203081328.000000 679062016.000000 1092155136.000000
1560547328.000000 128560816.000000 1983132032.000000
1706904064.000000 504862592.000000 1318208896.000000
777310592.000000 660347776.000000 978745600.000000
1776862336.000000 1451307520.000000 42367744.000000
1613867008.000000 861957568.000000 269043136.000000
1875868288.000000 1501981312.000000 1227649920.000000
500461984.000000 331716032.000000 916293056.000000
1014804544.000000 593441152.000000 2093848704.000000
2026606464.000000 1122567296.000000 626081792.000000
826872000.000000 999472384.000000 996891840.000000
212642480.000000 475089280.000000 147946160.000000
1798525056.000000 811106816.000000 74064248.000000
1300783872.000000 8474438.000000 1785295232.000000
967395072.000000 1158673792.000000 896475456.000000
364288512.000000 1970081280.000000 43726432.000000
1104149248.000000 1255567360.000000 1132398464.000000
1322709376.000000 1226547712.000000 582548800.000000
217894112.000000 484252352.000000 32470368.000000
1653589120.000000 674142272.000000 1032738176.000000
794427904.000000 1267793024.000000 1736329088.000000
294382592.000000 1927365376.000000 1926288512.000000
93281968.000000 581714048.000000 1600505856.000000
560721792.000000 413750080.000000 179680096.000000
1584288128.000000 141055712.000000 383513920.000000
1784383360.000000 692918080.000000 487234304.000000
1478885248.000000 627394240.000000 1492620672.000000
126904848.000000 430446144.000000 1231293184.000000
1931744512.000000 475220736.000000 690643776.000000
2024783104.000000 1045830912.000000 1581076224.000000
63720008.000000 186521920.000000 991797056.000000
2022337408.000000 1282231808.000000 702116352.000000
408702464.000000 1196213504.000000 1443497088.000000
139539440.000000 1060126720.000000 1012779008.000000
1696533760.000000 366509344.000000 1122285952.000000
1366603904.000000 303188928.000000 2120946688.000000
1149927552.000000 460818176.000000 1932259200.000000
1180293120.000000 1213897600.000000 1164589824.000000
84326680.000000 475912256.000000 866678976.000000
1395109376.000000 1954534272.000000 399463232.000000
1694971136.000000 1048161664.000000 950733312.000000
1017495680.000000 1963092352.000000 1859122688.000000
1155704064.000000 906116160.000000 558638976.000000
76622744.000000 1265768064.000000 117495688.000000
1182712576.000000 889885504.000000 1793135232.000000
1298511104.000000 1331549696.000000 1535146624.000000
28838198.000000 2122674560.000000 1588623488.000000
115164200.000000 1424063616.000000 1148779136.000000
1614822784.000000 1782890240.000000 1600965376.000000
315167392.000000 1842656896.000000 659354368.000000
25710236.000000 1293462016.000000 2000687872.000000
1788676.000000 1440573440.000000 1514803968.000000
1259159552.000000 1782031488.000000 1971571200.000000
1942043008.000000 523500320.000000 608630528.000000
1245052544.000000 1314660224.000000 1357437184.000000
1728947584.000000 504295424.000000 416230976.000000
514195712.000000 299308224.000000 8602347.000000
1350604928.000000 1257057536.000000 1727887488.000000
1998889472.000000 1456676096.000000 829780480.000000
1084147328.000000 1250029312.000000 1544361984.000000
1551021824.000000 1743459200.000000 2095866496.000000
1975591296.000000 1936130048.000000 2042084224.000000
678091008.000000 1811178240.000000 1430254208.000000
1743877504.000000 152284016.000000 1844660864.000000
1008123200.000000 1053617856.000000 1593986176.000000
543844992.000000 1498326784.000000 2018767232.000000
184504016.000000 1387684096.000000 1726030592.000000
23919878.000000 1121350272.000000 869530368.000000
527777824.000000 1807559680.000000 1645977088.000000
1362943232.000000 486680928.000000 128102296.000000
1123807104.000000 1911724160.000000 1680892288.000000
55131812.000000 120412760.000000 1414482944.000000
367228544.000000 702892160.000000 2146672896.000000
1076317952.000000 589478272.000000 82129104.000000
912995200.000000 208930944.000000 181308016.000000
1124408704.000000 973469888.000000 1219678720.000000
187475696.000000 623205568.000000 956926976.000000
1688720896.000000 453114912.000000 1732103552.000000
2118065280.000000 2023777024.000000 959382592.000000
57707788.000000 854721280.000000 1968808064.000000
773902080.000000 1527336960.000000 1471735680.000000
1328813696.000000 1236953216.000000 817277568.000000
584490496.000000 68301424.000000 248767920.000000
29130404.000000 200670352.000000 62686864.000000
735411264.000000 924328960.000000 1482098176.000000
307241728.000000 1087186048.000000 1838259072.000000
1866036608.000000 909605376.000000 1845543296.000000
921813696.000000 1154290432.000000 148248688.000000
262180896.000000 94260104.000000 158566000.000000
1322770176.000000 299186752.000000 681254592.000000
1562683776.000000 880081984.000000 1475833728.000000
619422464.000000 1119687936.000000 294221920.000000
1481110784.000000 653062720.000000 1381789568.000000
1765566464.000000 1032849472.000000 951447552.000000
570581312.000000 2004389120.000000 1540250240.000000
378501952.000000 2041803520.000000 702782528.000000
1140158592.000000 1439474048.000000 735340864.000000
691688640.000000 1508973056.000000 661620480.000000
1725688576.000000 1097600512.000000 1672636288.000000
1691147264.000000 1933659136.000000 1400210688.000000
694160256.000000 951826944.000000 1310390528.000000
188184784.000000 2014346112.000000 228840784.000000
1769830400.000000 355358624.000000 292103424.000000
259634960.000000 881971840.000000 1630014080.000000
347955744.000000 837564672.000000 643832832.000000
2032522752.000000 1851438976.000000 888195968.000000
945968256.000000 2006812032.000000 2142055808.000000
1667299968.000000 103245424.000000 1264655872.000000
1653020800.000000 1629241344.000000 1453634816.000000
2108369920.000000 1903177216.000000 1622839808.000000
1177264256.000000 1480247936.000000 871557120.000000
1553918080.000000 1152462848.000000 311899744.000000
93098816.000000 175915776.000000 433875840.000000
2124135424.000000 1836462464.000000 346020160.000000
1050773824.000000 184587024.000000 1848718720.000000
856238464.000000 1438579456.000000 598990976.000000
1698922880.000000 339276160.000000 40393404.000000
172178096.000000 213608336.000000 840725824.000000
1493712768.000000 1007436288.000000 2015593600.000000
708686528.000000 141793248.000000 532827648.000000
2023586176.000000 2042021760.000000 1015491456.000000
748663232.000000 1529809920.000000 460676320.000000
1644974720.000000 339977952.000000 1154663296.000000
391267328.000000 591431232.000000 1865077120.000000
165424896.000000 1381895680.000000 196479552.000000
1509905664.000000 120028608.000000 686914048.000000
1244743040.000000 300821792.000000 2100909824.000000
1987526912.000000 2130174592.000000 973476096.000000
1307001600.000000 941144704.000000 1847630336.000000
1451647616.000000 1107909632.000000 981992448.000000
729605568.000000 668325632.000000 1956733824.000000
1609603584.000000 870076672.000000 154025504.000000
1426545664.000000 1818226944.000000 863707840.000000
787100672.000000 459792544.000000 1423928704.000000
647468992.000000 1926656896.000000 1830140672.000000
1416304256.000000 1401037056.000000 1771665280.000000
976053568.000000 905022208.000000 1860514432.000000
1187652352.000000 1140249216.000000 751153088.000000
1019572224.000000 285692704.000000 823178944.000000
512365408.000000 2144539648.000000 2098856448.000000
1521377920.000000 1500214912.000000 838821824.000000
833518976.000000 1128247296.000000 1445554560.000000
1720367616.000000 76822888.000000 1765600512.000000
427381984.000000 946788736.000000 1006930752.000000
194111104.000000 533169344.000000 1378821760.000000
143311072.000000 622013696.000000 522674208.000000
1870932864.000000 2017453440.000000 549414144.000000
308963904.000000 608828992.000000 2146915712.000000
351292768.000000 1963976064.000000 248166544.000000
234876368.000000 1696806144.000000 30333832.000000
1921255040.000000 373065760.000000 56333512.000000
189139088.000000 773280128.000000 828453824.000000
789556096.000000 1833903616.000000 762027072.000000
1999372288.000000 489011744.000000 1798632960.000000
209672096.000000 233803664.000000 1819283456.000000
849560128.000000 333536608.000000 419985920.000000
340754656.000000 2075982592.000000 623080064.000000
1264626816.000000 247129728.000000 1808899200.000000
774476672.000000 1140843264.000000 1667889536.000000
1981172864.000000 1067132800.000000 446197600.000000
359314912.000000 2114280704.000000 1110580608.000000
1656664320.000000 970598080.000000 1953026304.000000
1953525248.000000 926319616.000000 945433920.000000
1293640320.000000 1804839936.000000 383058752.000000
2124469376.000000 1695096320.000000 1384015744.000000
1556155136.000000 2080089344.000000 718236736.000000
2120586624.000000 2137535104.000000 1580956672.000000
835363200.000000 844400640.000000 1922956800.000000
1225900928.000000 987445760.000000 770572224.000000
48778704.000000 353874496.000000 427387616.000000
1189339520.000000 1669060608.000000 213419328.000000
427309344.000000 25453924.000000 1299879552.000000
1371267584.000000 1233543296.000000 203840016.000000
608218688.000000 981517312.000000 1043589504.000000
1621528064.000000 468773728.000000 635861504.000000
1648772608.000000 495485120.000000 618557440.000000
1390450304.000000 845963136.000000 285917728.000000
5182784.000000 1463825920.000000 568321024.000000
1632906880.000000 934715840.000000 1383815552.000000
1392809088.000000 720785856.000000 1447645568.000000
1736867072.000000 1836126208.000000 2011907072.000000
465939744.000000 640098624.000000 509816096.000000
253957280.000000 541876352.000000 206751056.000000
731911040.000000 1461728256.000000 468153344.000000
1250957952.000000 1833489152.000000 1692313984.000000
2056048256.000000 1706733952.000000 1266069632.000000
155101472.000000 705851072.000000 1929808000.000000
576147904.000000 1578610816.000000 993398848.000000
927540928.000000 1228837376.000000 7427767.000000
288803968.000000 1108305792.000000 543356096.000000
866559872.000000 1437138048.000000 1417158656.000000
1242545792.000000 1187525760.000000 1577785600.000000
1511164288.000000 1884566016.000000 115019680.000000
1880078592.000000 1821500928.000000 1193246464.000000
1449534976.000000 1397512320.000000 790297024.000000
681986240.000000 1258765952.000000 472821280.000000
917118848.000000 326137536.000000 425466720.000000
1028798656.000000 662590528.000000 894254784.000000
1118587776.000000 1675586816.000000 1001558080.000000
1612094208.000000 1851483136.000000 1778834816.000000
1261231360.000000 6608598.000000 1517670144.000000
395966560.000000 335795360.000000 883685952.000000
1334649600.000000 1716926080.000000 821122176.000000
22818588.000000 1466363520.000000 1315298944.000000
2132786432.000000 1050479040.000000 1703782272.000000
1389832832.000000 868933312.000000 1588724608.000000
55287000.000000 2102181632.000000 1100725376.000000
768483648.000000 1596011904.000000 274254784.000000
2084914944.000000 388376704.000000 2059211648.000000
348116192.000000 541307328.000000 298502144.000000
466799104.000000 63983768.000000 290146752.000000
1689616768.000000 1164205952.000000 1459540352.000000
1527284224.000000 1175178112.000000 1379619968.000000
854239872.000000 758687552.000000 407518432.000000
562065856.000000 445076576.000000 19543514.000000
527397728.000000 1699876096.000000 1314459008.000000
1328988672.000000 212141488.000000 1481379968.000000
802704000.000000 2004176128.000000 1411754368.000000
1914688896.000000 377122144.000000 1502919808.000000
1331258624.000000 1831809920.000000 760914560.000000
2100456576.000000 553719680.000000 160508480.000000
5009701.000000 207232336.000000 2015401600.000000
678961728.000000 950773888.000000 1027271232.000000
2267808.500000 1904826368.000000 2132883200.000000
825185216.000000 673518080.000000 824373248.000000
1992754048.000000 478598336.000000 1902358784.000000
749755456.000000 901778368.000000 973793152.000000
1032279104.000000 235943600.000000 502148224.000000
1581408384.000000 1233519872.000000 1263914752.000000
986103936.000000 924998464.000000 948874240.000000
2089084416.000000 325855872.000000 1337930624.000000
932017280.000000 17132164.000000 1846442752.000000
245675056.000000 688655040.000000 1070230144.000000
1680699136.000000 126778832.000000 975291392.000000
307204160.000000 479744192.000000 2030971904.000000
2032548224.000000 1385315968.000000 911719808.000000
1655178368.000000 811785152.000000 1483534720.000000
1274101376.000000 592598464.000000 1517790336.000000
1770811008.000000 121591760.000000 528812928.000000
1406592640.000000 1633377536.000000 1118811648.000000
125829136.000000 493382688.000000 593773888.000000
657438336.000000 335761088.000000 965287936.000000
1647393536.000000 680848640.000000 1916975232.000000
1403433600.000000 710263744.000000 1379215872.000000
1067022528.000000 232904112.000000 1914077952.000000
2030766976.000000 289504448.000000 211210464.000000
1553281536.000000 1511751168.000000 914775680.000000
847212608.000000 982572416.000000 1375966080.000000
1888649728.000000 957900160.000000 571387840.000000
1916748032.000000 698006208.000000 678216192.000000
1612434176.000000 2065582464.000000 516672608.000000
1474621184.000000 2115372032.000000 98996864.000000
495127232.000000 2082320896.000000 1042871488.000000
2083198080.000000 1951897472.000000 897009280.000000
1489589120.000000 316481120.000000 1696559360.000000
1664083456.000000 1496852480.000000 1895679488.000000
267033040.000000 1321468672.000000 1442737536.000000
1215164.500000 1952041728.000000 2042249600.000000
111049792.000000 218829376.000000 1144852480.000000
769546944.000000 759334016.000000 231946976.000000
1573102848.000000 1973788288.000000 295111456.000000
255907504.000000 2075632896.000000 1452578048.000000
1488476672.000000 2138430976.000000 1981379072.000000
745088768.000000 1672334208.000000 1458998400.000000
392888384.000000 1670057472.000000 929979200.000000
495963136.000000 814769920.000000 2112080640.000000
474938880.000000 616348160.000000 1201671040.000000
817073728.000000 2013972352.000000 318937312.000000
1822664320.000000 1320367488.000000 581580992.000000
191130912.000000 588480640.000000 1543501696.000000
2145482624.000000 777101888.000000 299787424.000000
2000401536.000000 388854720.000000 1702610560.000000
1793824384.000000 1650968704.000000 1012609664.000000
1666449920.000000 957580160.000000 1422277632.000000
801141696.000000 178221840.000000 1835469568.000000
200602032.000000 1488544768.000000 1559573504.000000
2132398848.000000 987733952.000000 807152512.000000
1314728576.000000 1265439104.000000 488820928.000000
1620909440.000000 581222976.000000 939609920.000000
1714424960.000000 614681664.000000 197615808.000000
1832453120.000000 723718528.000000 543888960.000000
54844800.000000 1022289920.000000 399682400.000000
215781120.000000 651431104.000000 598203456.000000
1991754624.000000 17238190.000000 1036797376.000000
586629760.000000 843431808.000000 1146269568.000000
1130433152.000000 893029312.000000 1388390016.000000
2055221632.000000 528403936.000000 461777888.000000
264316864.000000 449624480.000000 1922953856.000000
1098439168.000000 2045994112.000000 844660800.000000
160921600.000000 1532575232.000000 1896777856.000000
45612516.000000 777583808.000000 735139904.000000
337651008.000000 108728624.000000 2036045824.000000
1025215872.000000 475615296.000000 229322240.000000
1115724416.000000 916398912.000000 1469048576.000000
579267200.000000 207855296.000000 748288640.000000
143255520.000000 532175104.000000 653722880.000000
1198913280.000000 205632816.000000 1793085952.000000
1055030272.000000 948219968.000000 1712336896.000000
18281942.000000 104073776.000000 1719056768.000000
1297023360.000000 1802603264.000000 1799282816.000000
828198144.000000 847464128.000000 855890048.000000
1734000512.000000 375730048.000000 7713605.000000
1040398144.000000 605780992.000000 1964045440.000000
1021440320.000000 1855136128.000000 730142976.000000
1697204224.000000 687463232.000000 1383932416.000000
439852000.000000 593488128.000000 212444752.000000
144997712.000000 1939521152.000000 1332390016.000000
1107672576.000000 536398496.000000 1751791104.000000
1753962624.000000 716391616.000000 1762839936.000000
790610432.000000 1091629568.000000 1937775104.000000
506164640.000000 222551600.000000 1924405248.000000
412407872.000000 110090616.000000 1932120832.000000
890197056.000000 1870534528.000000 1652946176.000000
1842611328.000000 119764672.000000 1333448192.000000
748339968.000000 1126475648.000000 824862080.000000
1363617920.000000 1710749184.000000 1593712128.000000
319502176.000000 766605696.000000 500787680.000000
928757120.000000 1274209536.000000 1358217344.000000
457196672.000000 1667577600.000000 677653632.000000
1995256576.000000 2103954304.000000 69710376.000000
1339890816.000000 893599104.000000 1986492544.000000
2036217.000000 346045728.000000 279466816.000000
866058368.000000 34040320.000000 516131392.000000
200019408.000000 548129536.000000 692490368.000000
23650184.000000 277451776.000000 2097736704.000000
683086016.000000 128713576.000000 1595680640.000000
2094326272.000000 1364661888.000000 1022423808.000000
952150784.000000 584169472.000000 368605760.000000
1636556160.000000 1822952960.000000 310627712.000000
1123284992.000000 49455884.000000 1749993856.000000
652585664.000000 924824384.000000 1958894720.000000
1540019072.000000 224220144.000000 1399972224.000000
1940345344.000000 681503360.000000 548646592.000000
309206272.000000 1119812096.000000 1816682880.000000
1347437696.000000 469212032.000000 1434013952.000000
1535697152.000000 2078573952.000000 1863268224.000000
963356480.000000 736164032.000000 621602816.000000
1774297088.000000 2029180160.000000 978570432.000000
22951092.000000 2066273536.000000 310688608.000000
1781694336.000000 841958464.000000 1673524224.000000
928359936.000000 356894400.000000 1222885120.000000
362899648.000000 866566656.000000 537226048.000000
1749428736.000000 15738746.000000 1292180992.000000
322187872.000000 1199401344.000000 69013664.000000
666581888.000000 983673664.000000 1075588224.000000
285456768.000000 1994790656.000000 1837906304.000000
1461792768.000000 1743100032.000000 561739520.000000
1692680960.000000 1308275712.000000 1682204800.000000
253384336.000000 1345239936.000000 948374336.000000
1521655552.000000 27124480.000000 1704879872.000000
587960192.000000 1622606208.000000 944336384.000000
828548416.000000 1211481600.000000 1652927104.000000
732125184.000000 790694656.000000 62856784.000000
169538256.000000 887022976.000000 124041720.000000
787891136.000000 1076052736.000000 1657090176.000000
1768711808.000000 1959332736.000000 94927952.000000
1395604480.000000 787330496.000000 1063282496.000000
1565790080.000000 2136682368.000000 722373120.000000
1789683328.000000 527165728.000000 480659456.000000
6566799.000000 443523840.000000 934860864.000000
1278359552.000000 629472064.000000 900409408.000000
846313920.000000 941659520.000000 1470765824.000000
1806738048.000000 891726336.000000 1129783552.000000
873939712.000000 1600022912.000000 1536109696.000000
151091248.000000 1352932736.000000 584842752.000000
1251037568.000000 1300428288.000000 313801536.000000
1025121344.000000 1829877632.000000 65576540.000000
1992323584.000000 657287616.000000 1863826048.000000
5201207.000000 1575596032.000000 2106211328.000000
615279168.000000 2028135552.000000 1393160576.000000
1275343232.000000 1343357696.000000 2029297664.000000
1599527936.000000 1142063232.000000 822155264.000000
1908833664.000000 1790605824.000000 1613918592.000000
1999075200.000000 2115874688.000000 1507555840.000000
1029438016.000000 312024768.000000 2000169216.000000
533307008.000000 1828340992.000000 1147291008.000000
474099136.000000 359772736.000000 1444007680.000000
1221270656.000000 334918656.000000 2071294464.000000
151665584.000000 36428120.000000 1724062592.000000
2003147904.000000 1310215552.000000 1648335104.000000
1813307520.000000 469416512.000000 1802324352.000000
832084672.000000 2008602880.000000 376339264.000000
499004128.000000 1731171584.000000 369953088.000000
2115709312.000000 1522248960.000000 1022002688.000000
1675713920.000000 1170650496.000000 585468480.000000
321429152.000000 1338813440.000000 1856145280.000000
1395971200.000000 385149376.000000 2036400128.000000
1735750144.000000 204715280.000000 81420264.000000
264120880.000000 1625932672.000000 1739011712.000000
140995648.000000 417304096.000000 466834016.000000
807879104.000000 260494736.000000 526121984.000000
613450560.000000 673565056.000000 200645536.000000
457074912.000000 1385143936.000000 1284357504.000000
1512348544.000000 1052881984.000000 1646060288.000000
1078130944.000000 140562016.000000 1583194112.000000
1046357056.000000 376526848.000000 1745204480.000000
1927686400.000000 80088592.000000 1618361472.000000
180999488.000000 1630778880.000000 1470645760.000000
2005674624.000000 933945536.000000 1166120320.000000
1475219968.000000 562975040.000000 468368768.000000
1989249664.000000 2011595008.000000 1746913792.000000
1408746624.000000 1972684928.000000 816687232.000000
1991811200.000000 1108727680.000000 185618576.000000
969008256.000000 1952882304.000000 1312317696.000000
1307531520.000000 1846433024.000000 556227136.000000
1653713280.000000 1373106816.000000 629480064.000000
506114944.000000 1585672576.000000 1491133568.000000
441416608.000000 880319744.000000 690431936.000000
1053747072.000000 1635265024.000000 229838864.000000
896243968.000000 941380480.000000 2132983552.000000
1364965760.000000 2060803200.000000 1673316992.000000
2045218688.000000 545548928.000000 125630456.000000
2111242112.000000 670297856.000000 1308576768.000000
1491606400.000000 176655168.000000 445879552.000000
1284694528.000000 1046015936.000000 1959605120.000000
310156480.000000 354236096.000000 298441664.000000
177482480.000000 1239790464.000000 148451616.000000
2067823360.000000 847273920.000000 241879568.000000
2141621248.000000 1118793984.000000 147325568.000000
976318720.000000 1444198528.000000 2005409920.000000
550049856.000000 580440576.000000 2040724992.000000
1582148608.000000 1498034176.000000 2026834560.000000
1221410816.000000 808990080.000000 270750464.000000
1944767360.000000 376836000.000000 2126875648.000000
1471300352.000000 2140827904.000000 1406276224.000000
245845648.000000 1340867072.000000 1469484032.000000
889244096.000000 1469723904.000000 1948236032.000000
2058672384.000000 489234368.000000 1524240256.000000
538934592.000000 1340264448.000000 393640256.000000
1906705408.000000 951262336.000000 336640608.000000
836063360.000000 1006790912.000000 866862272.000000
459919488.000000 739116032.000000 717652416.000000
2093733120.000000 1597356288.000000 560283392.000000
2123401728.000000 605668352.000000 82490384.000000
1701231360.000000 77085912.000000 1571898496.000000
1412908544.000000 958890816.000000 1654054400.000000
778185984.000000 318631648.000000 174659904.000000
557952768.000000 1688179072.000000 1556179840.000000
1702951424.000000 2057458432.000000 8190500.000000
1070249664.000000 1871021184.000000 1612774016.000000
232265184.000000 1343566848.000000 156099328.000000
1430013568.000000 1065359232.000000 795991808.000000
752076288.000000 1843014912.000000 641993280.000000
1739019008.000000 82444488.000000 1062242816.000000
487724672.000000 1646535936.000000 1057450688.000000
356645312.000000 1543964928.000000 1317157248.000000
1067895040.000000 170009968.000000 1999780992.000000
1617498368.000000 1144129536.000000 1543246848.000000
1031868672.000000 985197184.000000 720108672.000000
1326522496.000000 842936832.000000 1821509632.000000
701258560.000000 956162624.000000 799942720.000000
990682752.000000 1146184704.000000 1420300800.000000
1368717312.000000 1273726080.000000 1392380160.000000
595687040.000000 1741532288.000000 1863764864.000000
676404608.000000 380805504.000000 630694656.000000
314969504.000000 2082532480.000000 291775008.000000
1223721984.000000 380311264.000000 1287569024.000000
1765132416.000000 496438496.000000 322238432.000000
527473728.000000 1575968512.000000 1444240000.000000
1145570432.000000 1357402368.000000 1431675776.000000
225859472.000000 1287353856.000000 236544400.000000
1173531648.000000 2055890816.000000 444421824.000000
495332928.000000 804835840.000000 991202688.000000
41923496.000000 214723552.000000 511885472.000000
716406848.000000 1518495104.000000 1117885056.000000
177861136.000000 730371136.000000 2137868544.000000
1043622016.000000 1201467008.000000 998915712.000000
91452576.000000 129906464.000000 492105024.000000
1916069120.000000 799036864.000000 1820046720.000000
828071616.000000 2144189440.000000 1670592128.000000
1365509120.000000 2095439744.000000 203899056.000000
1007554240.000000 1044762688.000000 66023676.000000
1518956160.000000 1561432448.000000 404738336.000000
383032992.000000 867404480.000000 1051277184.000000
1590842112.000000 87190520.000000 278021856.000000
1183880192.000000 1684047488.000000 722606720.000000
1755651840.000000 1346414592.000000 227169760.000000
973348032.000000 709208704.000000 2038682880.000000
292896256.000000 1516516096.000000 488181920.000000
1638510208.000000 1247780352.000000 1614610688.000000
1365328768.000000 978020928.000000 1861472256.000000
937315328.000000 572722944.000000 218942896.000000
710375168.000000 1052273216.000000 1538188544.000000
2024668672.000000 644748032.000000 1283275648.000000
529046944.000000 940135488.000000 761289728.000000
2094764288.000000 415750496.000000 672151552.000000
122234880.000000 1001236096.000000 1765619200.000000
326644224.000000 1034525184.000000 426548192.000000
1423631872.000000 312397408.000000 1761612672.000000
1022516992.000000 850355072.000000 270757472.000000
106408000.000000 1833660672.000000 353313344.000000
592750656.000000 1126743680.000000 748619328.000000
1692372352.000000 736819648.000000 694234816.000000
153578912.000000 683784512.000000 323737472.000000
652072896.000000 1537060992.000000 1851430400.000000
1909961984.000000 28023294.000000 2047690368.000000
1168209792.000000 1823304448.000000 249675632.000000
1461513856.000000 1252274688.000000 306127296.000000
1322027136.000000 1224015616.000000 640742464.000000
1836484864.000000 401607360.000000 1571535744.000000
1584053760.000000 2120222336.000000 1080642048.000000
60857668.000000 126400744.000000 850978816.000000
1166221568.000000 1786625792.000000 1631969408.000000
1476406784.000000 469917440.000000 751105664.000000
1300813056.000000 1646555136.000000 422562496.000000
1267169408.000000 685350912.000000 511868960.000000
42256416.000000 371782176.000000 1691178112.000000
873740736.000000 1300889984.000000 1715249280.000000
494506016.000000 494029632.000000 1983582848.000000
1611366400.000000 1761178112.000000 1726349056.000000
1110453504.000000 1453239168.000000 612790656.000000
1835602688.000000 1331804800.000000 1761914624.000000
107848792.000000 1648550656.000000 2131907200.000000
2134652288.000000 78840880.000000 634032000.000000
2138721792.000000 303632256.000000 92323072.000000
1433720832.000000 861255616.000000 319590720.000000
530444384.000000 1263014912.000000 300049888.000000
758147904.000000 104308160.000000 1489806976.000000
2022824320.000000 188909728.000000 377096736.000000
101241304.000000 1174533760.000000 1073815552.000000
2081022080.000000 1326397824.000000 44500192.000000
1205664896.000000 628679616.000000 194754256.000000
915793024.000000 1660228480.000000 756640448.000000
193509984.000000 1602812800.000000 1624266880.000000
517482112.000000 1943317888.000000 190171456.000000
1563815168.000000 579221824.000000 2016594432.000000
1940543488.000000 1747738240.000000 998599104.000000
961452608.000000 740806528.000000 8842474.000000
825655616.000000 35880424.000000 1130912256.000000
953257472.000000 1555756032.000000 560992128.000000
1194706560.000000 493624352.000000 1428536832.000000
1353677440.000000 2034204800.000000 1048093248.000000
823663360.000000 541874048.000000 624153280.000000
408781696.000000 927978816.000000 490616672.000000
323057344.000000 1481711104.000000 575039744.000000
2068873344.000000 135057600.000000 2053639040.000000
649305856.000000 2010497152.000000 617152640.000000
982297856.000000 848200768.000000 1818058880.000000
2111743616.000000 1212456576.000000 188746608.000000
373849280.000000 619191936.000000 14616361.000000
776028288.000000 874331264.000000 864846720.000000
1142231424.000000 575134464.000000 1723904896.000000
1051346048.000000 1555325440.000000 1972041856.000000
1166638336.000000 776747648.000000 959492864.000000
2361496.000000 894192704.000000 1257860992.000000
358041568.000000 1456537216.000000 805341056.000000
1306492160.000000 1775896448.000000 695898176.000000
1803694592.000000 533761440.000000 380715744.000000
558278400.000000 166146976.000000 2050551808.000000
680693376.000000 1135121920.000000 1393894016.000000
327674880.000000 433169216.000000 1866780032.000000
1244978688.000000 935652928.000000 922313984.000000
631752704.000000 495067072.000000 1938866048.000000
1720867072.000000 854690368.000000 941184192.000000
285814912.000000 239345984.000000 1682962304.000000
734098240.000000 1817110144.000000 1943665152.000000
2074007168.000000 2020837632.000000 307968352.000000
1029290432.000000 1940597248.000000 1350461056.000000
489443360.000000 331757152.000000 1391355.000000
1243617792.000000 938440512.000000 1487889536.000000
1213003392.000000 2002224512.000000 392894816.000000
96169904.000000 799870336.000000 1297592704.000000
1240441728.000000 644733696.000000 436713952.000000
1547249920.000000 2121770240.000000 1745377024.000000
1520452096.000000 221684288.000000 133385312.000000
1951657472.000000 1227142528.000000 1274784128.000000
472168512.000000 925464256.000000 605424256.000000
398861184.000000 1479900416.000000 1651298560.000000
219087008.000000 186802928.000000 913915136.000000
484567520.000000 1573236480.000000 1902492032.000000
531738528.000000 1454343552.000000 1213514624.000000
1801835136.000000 712905792.000000 1862328448.000000
1499164288.000000 467161568.000000 292480160.000000
1062452224.000000 105867464.000000 1486958464.000000
183829120.000000 123934040.000000 2023471104.000000
1810258176.000000 760270144.000000 139649968.000000
1518154368.000000 1219949312.000000 1368634368.000000
193248144.000000 719337920.000000 1749191936.000000
356138624.000000 182463536.000000 342138368.000000
1884332416.000000 1307283712.000000 826495040.000000
1392561024.000000 819952192.000000 233543760.000000
1578839552.000000 1115120000.000000 2072295424.000000
511492864.000000 614498688.000000 1534166912.000000
1103017728.000000 2094086912.000000 514963104.000000
1172929280.000000 159432128.000000 1102348544.000000
870769920.000000 789900160.000000 665787200.000000
1591307392.000000 116431064.000000 805318336.000000
1527550080.000000 2067960704.000000 82032952.000000
1119937280.000000 1938110848.000000 1561062144.000000
928755520.000000 1851135232.000000 1743935616.000000
250399856.000000 852495168.000000 2027008768.000000
1699512704.000000 876500992.000000 470771648.000000
663373376.000000 1149456128.000000 737096064.000000
889455552.000000 666259712.000000 344254400.000000
863116864.000000 202604400.000000 1423048448.000000
2023682944.000000 1987075072.000000 455219872.000000
1512384384.000000 1478453376.000000 2069438464.000000
1419822976.000000 809726464.000000 1592107648.000000
1845552384.000000 1876382336.000000 1301057152.000000
985917056.000000 1878851456.000000 333240544.000000
286708640.000000 1714109440.000000 796778880.000000
1525158784.000000 1377442432.000000 1490438016.000000
1515327488.000000 722911168.000000 790783296.000000
382627040.000000 520291072.000000 1300768768.000000
1969414144.000000 274642016.000000 372146752.000000
885657216.000000 1887316736.000000 1586587520.000000
1156617856.000000 1863915648.000000 2019436416.000000
890809984.000000 606404672.000000 1363922048.000000
1378011648.000000 3045117.000000 576298112.000000
